#Counts
5221
4940
5084
5034
5381
5231
5233
5298
5174
4940
4922
5209
5053
5185
4884
4803
5138
4888
5309
5360
4770
5167
4901
5350
5189
5136
4731
5222
5294
5063
5201
4919
4898
4726
5183
5264
4852
5048
4883
4987
5239
5189
5007
4995
5078
5248
5207
5381
4850
4940
5070
5080
5004
5012
5120
4918
5251
4796
4830
5037
5028
4875
5348
5080
5265
5278
5075
4919
4953
5137
4911
4803
5051
5270
5222
5122
4905
5052
5271
5109
5202
5211
4931
5342
4885
5255
4837
5228
4942
5061
5286
5018
5057
5148
4892
5137
4994
4905
5086
5185
4940
4933
5221
5402
5173
5176
4883
5410
5170
5091
5032
4946
5006
4964
5077
5045
5104
5351
4851
5176
4977
4812
5071
4980
4999
4753
4762
4985
5464
4875
5178
5241
5239
5402
4860
4957
4931
5275
5129
4815
4852
4812
4859
4982
4853
5042
5175
4988
5104
4997